File Name	Type	Trace	Sample	Position [m]	Time delay [ns]	Depth [m]	Amp	Mark	Latitude		Longitude		Altitude		UTM Northing	UTM Easting	UTM Zone	Y Position

F:\5278_edit_cut_gain.sgy	PICKET	00000	0961	0000.000	0430.859	021.5429	1474958	   								0000.000
F:\5278_edit_cut_gain.sgy	PICKET	00001	0958	0000.507	0429.514	021.4757	367814	   								0000.000
F:\5278_edit_cut_gain.sgy	PICKET	00002	0954	0001.014	0427.720	021.3860	1802361	   								0000.000
F:\5278_edit_cut_gain.sgy	PICKET	00003	0955	0001.521	0428.169	021.4084	1070096	   								0000.000
F:\5278_edit_cut_gain.sgy	PICKET	00004	0952	0002.028	0426.824	021.3412	640439	   								0000.000
F:\5278_edit_cut_gain.sgy	PICKET	00005	0957	0002.535	0429.065	021.4533	1255647	   								0000.000
F:\5278_edit_cut_gain.sgy	PICKET	00006	0957	0003.042	0429.065	021.4533	1378150	   								0000.000
F:\5278_edit_cut_gain.sgy	PICKET	00007	0958	0003.549	0429.514	021.4757	214558	   								0000.000
F:\5278_edit_cut_gain.sgy	PICKET	00008	0960	0004.055	0430.410	021.5205	214918	   								0000.000
F:\5278_edit_cut_gain.sgy	PICKET	00009	0961	0004.562	0430.859	021.5429	645294	   								0000.000
F:\5278_edit_cut_gain.sgy	PICKET	00010	0957	0005.069	0429.065	021.4533	796264	   								0000.000
F:\5278_edit_cut_gain.sgy	PICKET	00011	0959	0005.576	0429.962	021.4981	1349784	   								0000.000
F:\5278_edit_cut_gain.sgy	PICKET	00012	0957	0006.083	0429.065	021.4533	2511295	   								0000.000
F:\5278_edit_cut_gain.sgy	PICKET	00013	0959	0006.590	0429.962	021.4981	736246	   								0000.000
F:\5278_edit_cut_gain.sgy	PICKET	00014	0964	0007.097	0432.204	021.6102	554496	   								0000.000
F:\5278_edit_cut_gain.sgy	PICKET	00015	0963	0007.604	0431.755	021.5878	1046508	   								0000.000
F:\5278_edit_cut_gain.sgy	PICKET	00016	0962	0008.111	0431.307	021.5653	922619	   								0000.000
F:\5278_edit_cut_gain.sgy	PICKET	00017	0961	0008.618	0430.859	021.5429	430196	   								0000.000
F:\5278_edit_cut_gain.sgy	PICKET	00018	0963	0009.125	0431.755	021.5878	277017	   								0000.000
F:\5278_edit_cut_gain.sgy	PICKET	00019	0963	0009.632	0431.755	021.5878	554034	   								0000.000
F:\5278_edit_cut_gain.sgy	PICKET	00020	0966	0010.139	0433.100	021.6550	617134	   								0000.000
F:\5278_edit_cut_gain.sgy	PICKET	00021	0966	0010.646	0433.100	021.6550	1110842	   								0000.000
F:\5278_edit_cut_gain.sgy	PICKET	00022	0967	0011.152	0433.549	021.6774	1142649	   								0000.000
F:\5278_edit_cut_gain.sgy	PICKET	00023	0965	0011.659	0432.652	021.6326	1911524	   								0000.000
F:\5278_edit_cut_gain.sgy	PICKET	00024	0966	0012.166	0433.100	021.6550	3147386	   								0000.000
F:\5278_edit_cut_gain.sgy	PICKET	00025	0966	0012.673	0433.100	021.6550	2283398	   								0000.000
F:\5278_edit_cut_gain.sgy	PICKET	00026	0966	0013.180	0433.100	021.6550	1697120	   								0000.000
F:\5278_edit_cut_gain.sgy	PICKET	00027	0965	0013.687	0432.652	021.6326	554958	   								0000.000
F:\5278_edit_cut_gain.sgy	PICKET	00028	0961	0014.194	0430.859	021.5429	522381	   								0000.000
F:\5278_edit_cut_gain.sgy	PICKET	00029	0961	0014.701	0430.859	021.5429	1536415	   								0000.000
F:\5278_edit_cut_gain.sgy	PICKET	00030	0962	0015.208	0431.307	021.5653	1783731	   								0000.000
F:\5278_edit_cut_gain.sgy	PICKET	00031	0963	0015.715	0431.755	021.5878	1877560	   								0000.000
F:\5278_edit_cut_gain.sgy	PICKET	00032	0962	0016.222	0431.307	021.5653	2460319	   								0000.000
F:\5278_edit_cut_gain.sgy	PICKET	00033	0962	0016.729	0431.307	021.5653	2122025	   								0000.000
F:\5278_edit_cut_gain.sgy	PICKET	00034	0962	0017.236	0431.307	021.5653	861111	   								0000.000
F:\5278_edit_cut_gain.sgy	PICKET	00035	0962	0017.743	0431.307	021.5653	369047	   								0000.000
F:\5278_edit_cut_gain.sgy	PICKET	00036	0962	0018.249	0431.307	021.5653	584325	   								0000.000
F:\5278_edit_cut_gain.sgy	PICKET	00037	0961	0018.756	0430.859	021.5429	1014033	   								0000.000
F:\5278_edit_cut_gain.sgy	PICKET	00038	0959	0019.263	0429.962	021.4981	1227077	   								0000.000
F:\5278_edit_cut_gain.sgy	PICKET	00039	0960	0019.770	0430.410	021.5205	2916748	   								0000.000
F:\5278_edit_cut_gain.sgy	PICKET	00040	0961	0020.277	0430.859	021.5429	3994679	   								0000.000
F:\5278_edit_cut_gain.sgy	PICKET	00041	0963	0020.784	0431.755	021.5878	400135	   								0000.000
F:\5278_edit_cut_gain.sgy	PICKET	00042	0968	0021.291	0433.997	021.6999	278172	   								0000.000
F:\5278_edit_cut_gain.sgy	PICKET	00043	0968	0021.798	0433.997	021.6999	710886	   								0000.000
F:\5278_edit_cut_gain.sgy	PICKET	00044	0966	0022.305	0433.100	021.6550	925701	   								0000.000
F:\5278_edit_cut_gain.sgy	PICKET	00045	0966	0022.812	0433.100	021.6550	1079985	   								0000.000
F:\5278_edit_cut_gain.sgy	PICKET	00046	0967	0023.319	0433.549	021.6774	1173531	   								0000.000
F:\5278_edit_cut_gain.sgy	PICKET	00047	0967	0023.826	0433.549	021.6774	586765	   								0000.000
F:\5278_edit_cut_gain.sgy	PICKET	00048	0966	0024.333	0433.100	021.6550	1049128	   								0000.000
F:\5278_edit_cut_gain.sgy	PICKET	00049	0966	0024.840	0433.100	021.6550	1326839	   								0000.000
F:\5278_edit_cut_gain.sgy	PICKET	00050	0966	0025.346	0433.100	021.6550	925701	   								0000.000
F:\5278_edit_cut_gain.sgy	PICKET	00051	0967	0025.853	0433.549	021.6774	339706	   								0000.000
F:\5278_edit_cut_gain.sgy	PICKET	00052	0967	0026.360	0433.549	021.6774	2223533	   								0000.000
F:\5278_edit_cut_gain.sgy	PICKET	00053	0966	0026.867	0433.100	021.6550	2807962	   								0000.000
F:\5278_edit_cut_gain.sgy	PICKET	00054	0964	0027.374	0432.204	021.6102	1755905	   								0000.000
F:\5278_edit_cut_gain.sgy	PICKET	00055	0960	0027.881	0430.410	021.5205	2701830	   								0000.000
F:\5278_edit_cut_gain.sgy	PICKET	00056	0959	0028.388	0429.962	021.4981	2116708	   								0000.000
F:\5278_edit_cut_gain.sgy	PICKET	00057	0956	0028.895	0428.617	021.4308	2784588	   								0000.000
F:\5278_edit_cut_gain.sgy	PICKET	00058	0955	0029.402	0428.169	021.4084	2629380	   								0000.000
F:\5278_edit_cut_gain.sgy	PICKET	00059	0955	0029.909	0428.169	021.4084	794928	   								0000.000
F:\5278_edit_cut_gain.sgy	PICKET	00060	0960	0030.416	0430.410	021.5205	1381617	   								0000.000
F:\5278_edit_cut_gain.sgy	PICKET	00061	0958	0030.923	0429.514	021.4757	1440608	   								0000.000
F:\5278_edit_cut_gain.sgy	PICKET	00062	0956	0031.430	0428.617	021.4308	1805392	   								0000.000
F:\5278_edit_cut_gain.sgy	PICKET	00063	0956	0031.937	0428.617	021.4308	1529993	   								0000.000
F:\5278_edit_cut_gain.sgy	PICKET	00064	0961	0032.443	0430.859	021.5429	583837	   								0000.000
F:\5278_edit_cut_gain.sgy	PICKET	00065	0960	0032.950	0430.410	021.5205	2732532	   								0000.000
F:\5278_edit_cut_gain.sgy	PICKET	00066	0961	0033.457	0430.859	021.5429	2581177	   								0000.000
F:\5278_edit_cut_gain.sgy	PICKET	00067	0961	0033.964	0430.859	021.5429	1905154	   								0000.000
F:\5278_edit_cut_gain.sgy	PICKET	00068	0960	0034.471	0430.410	021.5205	1964967	   								0000.000
F:\5278_edit_cut_gain.sgy	PICKET	00069	0957	0034.978	0429.065	021.4533	1745656	   								0000.000
F:\5278_edit_cut_gain.sgy	PICKET	00070	0955	0035.485	0428.169	021.4084	2751677	   								0000.000
F:\5278_edit_cut_gain.sgy	PICKET	00071	0955	0035.992	0428.169	021.4084	2109619	   								0000.000
F:\5278_edit_cut_gain.sgy	PICKET	00072	0955	0036.499	0428.169	021.4084	1222967	   								0000.000
F:\5278_edit_cut_gain.sgy	PICKET	00073	0960	0037.006	0430.410	021.5205	1750049	   								0000.000
F:\5278_edit_cut_gain.sgy	PICKET	00074	0958	0037.513	0429.514	021.4757	2850565	   								0000.000
F:\5278_edit_cut_gain.sgy	PICKET	00075	0956	0038.020	0428.617	021.4308	2080791	   								0000.000
F:\5278_edit_cut_gain.sgy	PICKET	00076	0952	0038.527	0426.824	021.3412	1829827	   								0000.000
F:\5278_edit_cut_gain.sgy	PICKET	00077	0952	0039.034	0426.824	021.3412	1524856	   								0000.000
F:\5278_edit_cut_gain.sgy	PICKET	00078	0950	0039.540	0425.927	021.2963	913372	   								0000.000
F:\5278_edit_cut_gain.sgy	PICKET	00079	0954	0040.047	0427.720	021.3860	1252488	   								0000.000
F:\5278_edit_cut_gain.sgy	PICKET	00080	0954	0040.554	0427.720	021.3860	2168943	   								0000.000
F:\5278_edit_cut_gain.sgy	PICKET	00081	0953	0041.061	0427.272	021.3636	1343004	   								0000.000
F:\5278_edit_cut_gain.sgy	PICKET	00082	0951	0041.568	0426.375	021.3188	30471	   								0000.000
F:\5278_edit_cut_gain.sgy	PICKET	00083	0947	0042.075	0424.582	021.2291	1062904	   								0000.000
F:\5278_edit_cut_gain.sgy	PICKET	00084	0947	0042.582	0424.582	021.2291	1609541	   								0000.000
F:\5278_edit_cut_gain.sgy	PICKET	00085	0947	0043.089	0424.582	021.2291	2156177	   								0000.000
F:\5278_edit_cut_gain.sgy	PICKET	00086	0946	0043.596	0424.133	021.2067	1547493	   								0000.000
F:\5278_edit_cut_gain.sgy	PICKET	00087	0951	0044.103	0426.375	021.3188	00000	   								0000.000
F:\5278_edit_cut_gain.sgy	PICKET	00088	0951	0044.610	0426.375	021.3188	487543	   								0000.000
F:\5278_edit_cut_gain.sgy	PICKET	00089	0952	0045.117	0426.824	021.3412	1524856	   								0000.000
F:\5278_edit_cut_gain.sgy	PICKET	00090	0954	0045.624	0427.720	021.3860	427679	   								0000.000
F:\5278_edit_cut_gain.sgy	PICKET	00091	0953	0046.131	0427.272	021.3636	1251435	   								0000.000
F:\5278_edit_cut_gain.sgy	PICKET	00092	0954	0046.637	0427.720	021.3860	1283037	   								0000.000
F:\5278_edit_cut_gain.sgy	PICKET	00093	0957	0047.144	0429.065	021.4533	1041269	   								0000.000
F:\5278_edit_cut_gain.sgy	PICKET	00094	0957	0047.651	0429.065	021.4533	1133145	   								0000.000
F:\5278_edit_cut_gain.sgy	PICKET	00095	0958	0048.158	0429.514	021.4757	858234	   								0000.000
F:\5278_edit_cut_gain.sgy	PICKET	00096	0957	0048.665	0429.065	021.4533	2205040	   								0000.000
F:\5278_edit_cut_gain.sgy	PICKET	00097	0957	0049.172	0429.065	021.4533	1868159	   								0000.000
F:\5278_edit_cut_gain.sgy	PICKET	00098	0958	0049.679	0429.514	021.4757	1195398	   								0000.000
F:\5278_edit_cut_gain.sgy	PICKET	00099	0961	0050.186	0430.859	021.5429	768207	   								0000.000
F:\5278_edit_cut_gain.sgy	PICKET	00100	0964	0050.693	0432.204	021.6102	215637	   								0000.000
F:\5278_edit_cut_gain.sgy	PICKET	00101	0962	0051.200	0431.307	021.5653	1045635	   								0000.000
F:\5278_edit_cut_gain.sgy	PICKET	00102	0960	0051.707	0430.410	021.5205	2087777	   								0000.000
F:\5278_edit_cut_gain.sgy	PICKET	00103	0961	0052.214	0430.859	021.5429	1505686	   								0000.000
F:\5278_edit_cut_gain.sgy	PICKET	00104	0964	0052.721	0432.204	021.6102	2803287	   								0000.000
F:\5278_edit_cut_gain.sgy	PICKET	00105	0965	0053.228	0432.652	021.6326	2189004	   								0000.000
F:\5278_edit_cut_gain.sgy	PICKET	00106	0966	0053.734	0433.100	021.6550	1943974	   								0000.000
F:\5278_edit_cut_gain.sgy	PICKET	00107	0966	0054.241	0433.100	021.6550	2437681	   								0000.000
F:\5278_edit_cut_gain.sgy	PICKET	00108	0966	0054.748	0433.100	021.6550	894845	   								0000.000
F:\5278_edit_cut_gain.sgy	PICKET	00109	0971	0055.255	0435.342	021.7671	619703	   								0000.000
F:\5278_edit_cut_gain.sgy	PICKET	00110	0971	0055.762	0435.342	021.7671	3470337	   								0000.000
F:\5278_edit_cut_gain.sgy	PICKET	00111	0971	0056.269	0435.342	021.7671	991525	   								0000.000
F:\5278_edit_cut_gain.sgy	PICKET	00112	0968	0056.776	0433.997	021.6999	834518	   								0000.000
F:\5278_edit_cut_gain.sgy	PICKET	00113	0968	0057.283	0433.997	021.6999	958151	   								0000.000
F:\5278_edit_cut_gain.sgy	PICKET	00114	0968	0057.790	0433.997	021.6999	772702	   								0000.000
F:\5278_edit_cut_gain.sgy	PICKET	00115	0970	0058.297	0434.894	021.7447	1052622	   								0000.000
F:\5278_edit_cut_gain.sgy	PICKET	00116	0969	0058.804	0434.445	021.7223	2536570	   								0000.000
F:\5278_edit_cut_gain.sgy	PICKET	00117	0970	0059.311	0434.894	021.7447	2476757	   								0000.000
F:\5278_edit_cut_gain.sgy	PICKET	00118	0970	0059.818	0434.894	021.7447	1455095	   								0000.000
F:\5278_edit_cut_gain.sgy	PICKET	00119	0972	0060.324	0435.790	021.7895	589206	   								0000.000
F:\5278_edit_cut_gain.sgy	PICKET	00120	0968	0060.831	0433.997	021.6999	649070	   								0000.000
F:\5278_edit_cut_gain.sgy	PICKET	00121	0968	0061.338	0433.997	021.6999	1267232	   								0000.000
F:\5278_edit_cut_gain.sgy	PICKET	00122	0970	0061.845	0434.894	021.7447	835905	   								0000.000
F:\5278_edit_cut_gain.sgy	PICKET	00123	0971	0062.352	0435.342	021.7671	1611228	   								0000.000
F:\5278_edit_cut_gain.sgy	PICKET	00124	0972	0062.859	0435.790	021.7895	2356824	   								0000.000
F:\5278_edit_cut_gain.sgy	PICKET	00125	0973	0063.366	0436.239	021.8119	806949	   								0000.000
F:\5278_edit_cut_gain.sgy	PICKET	00126	0976	0063.873	0437.584	021.8792	1960156	   								0000.000
F:\5278_edit_cut_gain.sgy	PICKET	00127	0975	0064.380	0437.135	021.8568	3295317	   								0000.000
F:\5278_edit_cut_gain.sgy	PICKET	00128	0975	0064.887	0437.135	021.8568	2424856	   								0000.000
F:\5278_edit_cut_gain.sgy	PICKET	00129	0972	0065.394	0435.790	021.7895	1953683	   								0000.000
F:\5278_edit_cut_gain.sgy	PICKET	00130	0971	0065.901	0435.342	021.7671	2819649	   								0000.000
F:\5278_edit_cut_gain.sgy	PICKET	00131	0969	0066.408	0434.445	021.7223	-61867	   								0000.000
F:\5278_edit_cut_gain.sgy	PICKET	00132	0974	0066.915	0436.687	021.8344	1832670	   								0000.000
F:\5278_edit_cut_gain.sgy	PICKET	00133	0976	0067.421	0437.584	021.8792	622271	   								0000.000
F:\5278_edit_cut_gain.sgy	PICKET	00134	0975	0067.928	0437.135	021.8568	808285	   								0000.000
F:\5278_edit_cut_gain.sgy	PICKET	00135	0975	0068.435	0437.135	021.8568	1305691	   								0000.000
F:\5278_edit_cut_gain.sgy	PICKET	00136	0978	0068.942	0438.480	021.9240	654464	   								0000.000
F:\5278_edit_cut_gain.sgy	PICKET	00137	0979	0069.449	0438.929	021.9464	1341197	   								0000.000
F:\5278_edit_cut_gain.sgy	PICKET	00138	0978	0069.956	0438.480	021.9240	1807567	   								0000.000
F:\5278_edit_cut_gain.sgy	PICKET	00139	0977	0070.463	0438.032	021.9016	3238484	   								0000.000
F:\5278_edit_cut_gain.sgy	PICKET	00140	0978	0070.970	0438.480	021.9240	2056887	   								0000.000
F:\5278_edit_cut_gain.sgy	PICKET	00141	0979	0071.477	0438.929	021.9464	1216435	   								0000.000
F:\5278_edit_cut_gain.sgy	PICKET	00142	0978	0071.984	0438.480	021.9240	872618	   								0000.000
F:\5278_edit_cut_gain.sgy	PICKET	00143	0975	0072.491	0437.135	021.8568	1181340	   								0000.000
F:\5278_edit_cut_gain.sgy	PICKET	00144	0974	0072.998	0436.687	021.8344	776555	   								0000.000
F:\5278_edit_cut_gain.sgy	PICKET	00145	0979	0073.505	0438.929	021.9464	31190	   								0000.000
F:\5278_edit_cut_gain.sgy	PICKET	00146	0979	0074.012	0438.929	021.9464	873338	   								0000.000
F:\5278_edit_cut_gain.sgy	PICKET	00147	0980	0074.518	0439.377	021.9689	1435951	   								0000.000
F:\5278_edit_cut_gain.sgy	PICKET	00148	0981	0075.025	0439.826	021.9913	968502	   								0000.000
F:\5278_edit_cut_gain.sgy	PICKET	00167	0982	0084.657	0440.274	022.0137	2626486	   								0000.000
F:\5278_edit_cut_gain.sgy	PICKET	00167	0982	0084.657	0440.274	022.0137	2626486	   								0000.000
F:\5278_edit_cut_gain.sgy	PICKET	00168	0986	0085.164	0442.067	022.1034	878372	   								0000.000
