File Name	Type	Trace	Sample	Position [m]	Time delay [ns]	Depth [m]	Amp	Mark	Latitude		Longitude		Altitude		UTM Northing	UTM Easting	UTM Zone	Y Position

F:\5278_edit_cut_gain.sgy	PICKET	00000	0607	0000.000	0272.145	013.6072	1103415	   								0000.000
F:\5278_edit_cut_gain.sgy	PICKET	00001	0606	0000.507	0271.697	013.5848	907615	   								0000.000
F:\5278_edit_cut_gain.sgy	PICKET	00002	0604	0001.014	0270.800	013.5400	1250394	   								0000.000
F:\5278_edit_cut_gain.sgy	PICKET	00003	0605	0001.521	0271.248	013.5624	1143963	   								0000.000
F:\5278_edit_cut_gain.sgy	PICKET	00004	0606	0002.028	0271.697	013.5848	1253374	   								0000.000
F:\5278_edit_cut_gain.sgy	PICKET	00005	0605	0002.535	0271.248	013.5624	1165547	   								0000.000
F:\5278_edit_cut_gain.sgy	PICKET	00006	0605	0003.042	0271.248	013.5624	798616	   								0000.000
F:\5278_edit_cut_gain.sgy	PICKET	00007	0604	0003.549	0270.800	013.5400	689873	   								0000.000
F:\5278_edit_cut_gain.sgy	PICKET	00008	0604	0004.055	0270.800	013.5400	948575	   								0000.000
F:\5278_edit_cut_gain.sgy	PICKET	00009	0602	0004.562	0269.903	013.4952	559186	   								0000.000
F:\5278_edit_cut_gain.sgy	PICKET	00010	0603	0005.069	0270.351	013.5176	925912	   								0000.000
F:\5278_edit_cut_gain.sgy	PICKET	00011	0598	0005.576	0268.110	013.4055	1840780	   								0000.000
F:\5278_edit_cut_gain.sgy	PICKET	00012	0602	0006.083	0269.903	013.4952	1742080	   								0000.000
F:\5278_edit_cut_gain.sgy	PICKET	00013	0602	0006.590	0269.903	013.4952	1268922	   								0000.000
F:\5278_edit_cut_gain.sgy	PICKET	00014	0601	0007.097	0269.455	013.4727	2040740	   								0000.000
F:\5278_edit_cut_gain.sgy	PICKET	00015	0601	0007.604	0269.455	013.4727	1611110	   								0000.000
F:\5278_edit_cut_gain.sgy	PICKET	00016	0602	0008.111	0269.903	013.4952	1505501	   								0000.000
F:\5278_edit_cut_gain.sgy	PICKET	00017	0600	0008.618	0269.006	013.4503	2574694	   								0000.000
F:\5278_edit_cut_gain.sgy	PICKET	00018	0598	0009.125	0268.110	013.4055	1284265	   								0000.000
F:\5278_edit_cut_gain.sgy	PICKET	00019	0595	0009.632	0266.765	013.3382	1002386	   								0000.000
F:\5278_edit_cut_gain.sgy	PICKET	00020	0593	0010.139	0265.868	013.2934	1234007	   								0000.000
F:\5278_edit_cut_gain.sgy	PICKET	00021	0590	0010.646	0264.523	013.2261	996349	   								0000.000
F:\5278_edit_cut_gain.sgy	PICKET	00022	0585	0011.152	0262.281	013.1141	632115	   								0000.000
F:\5278_edit_cut_gain.sgy	PICKET	00023	0585	0011.659	0262.281	013.1141	1201018	   								0000.000
F:\5278_edit_cut_gain.sgy	PICKET	00024	0580	0012.166	0260.040	013.0020	1130872	   								0000.000
F:\5278_edit_cut_gain.sgy	PICKET	00025	0583	0012.673	0261.385	013.0692	1071975	   								0000.000
F:\5278_edit_cut_gain.sgy	PICKET	00026	0582	0013.180	0260.936	013.0468	2939082	   								0000.000
F:\5278_edit_cut_gain.sgy	PICKET	00027	0582	0013.687	0260.936	013.0468	2498220	   								0000.000
F:\5278_edit_cut_gain.sgy	PICKET	00028	0583	0014.194	0261.385	013.0692	903822	   								0000.000
F:\5278_edit_cut_gain.sgy	PICKET	00029	0586	0014.701	0262.730	013.1365	1708791	   								0000.000
F:\5278_edit_cut_gain.sgy	PICKET	00030	0586	0015.208	0262.730	013.1365	2700312	   								0000.000
F:\5278_edit_cut_gain.sgy	PICKET	00031	0585	0015.715	0262.281	013.1141	2296685	   								0000.000
F:\5278_edit_cut_gain.sgy	PICKET	00032	0583	0016.222	0261.385	013.0692	1429301	   								0000.000
F:\5278_edit_cut_gain.sgy	PICKET	00033	0580	0016.729	0260.040	013.0020	1151814	   								0000.000
F:\5278_edit_cut_gain.sgy	PICKET	00034	0575	0017.236	0257.798	012.8899	894986	   								0000.000
F:\5278_edit_cut_gain.sgy	PICKET	00035	0573	0017.743	0256.901	012.8451	1806318	   								0000.000
F:\5278_edit_cut_gain.sgy	PICKET	00036	0571	0018.249	0256.004	012.8002	1014834	   								0000.000
F:\5278_edit_cut_gain.sgy	PICKET	00037	0568	0018.756	0254.659	012.7330	1774511	   								0000.000
F:\5278_edit_cut_gain.sgy	PICKET	00038	0565	0019.263	0253.314	012.6657	1377305	   								0000.000
F:\5278_edit_cut_gain.sgy	PICKET	00039	0563	0019.770	0252.418	012.6209	2296607	   								0000.000
F:\5278_edit_cut_gain.sgy	PICKET	00040	0564	0020.277	0252.866	012.6433	2094172	   								0000.000
F:\5278_edit_cut_gain.sgy	PICKET	00041	0561	0020.784	0251.521	012.5761	1084064	   								0000.000
F:\5278_edit_cut_gain.sgy	PICKET	00042	0560	0021.291	0251.073	012.5536	980561	   								0000.000
F:\5278_edit_cut_gain.sgy	PICKET	00043	0564	0021.798	0252.866	012.6433	595402	   								0000.000
F:\5278_edit_cut_gain.sgy	PICKET	00044	0561	0022.305	0251.521	012.5761	695437	   								0000.000
F:\5278_edit_cut_gain.sgy	PICKET	00045	0561	0022.812	0251.521	012.5761	859070	   								0000.000
F:\5278_edit_cut_gain.sgy	PICKET	00046	0561	0023.319	0251.521	012.5761	634075	   								0000.000
F:\5278_edit_cut_gain.sgy	PICKET	00047	0562	0023.826	0251.969	012.5985	737270	   								0000.000
F:\5278_edit_cut_gain.sgy	PICKET	00048	0563	0024.333	0252.418	012.6209	1107292	   								0000.000
F:\5278_edit_cut_gain.sgy	PICKET	00049	0564	0024.840	0252.866	012.6433	1293459	   								0000.000
F:\5278_edit_cut_gain.sgy	PICKET	00050	0563	0025.346	0252.418	012.6209	1722455	   								0000.000
F:\5278_edit_cut_gain.sgy	PICKET	00051	0563	0025.853	0252.418	012.6209	2214585	   								0000.000
F:\5278_edit_cut_gain.sgy	PICKET	00052	0563	0026.360	0252.418	012.6209	1558412	   								0000.000
F:\5278_edit_cut_gain.sgy	PICKET	00053	0563	0026.867	0252.418	012.6209	676678	   								0000.000
F:\5278_edit_cut_gain.sgy	PICKET	00054	0558	0027.374	0250.176	012.5088	1691290	   								0000.000
F:\5278_edit_cut_gain.sgy	PICKET	00055	0557	0027.881	0249.728	012.4864	3561479	   								0000.000
F:\5278_edit_cut_gain.sgy	PICKET	00056	0559	0028.388	0250.624	012.5312	2611543	   								0000.000
F:\5278_edit_cut_gain.sgy	PICKET	00057	0559	0028.895	0250.624	012.5312	2509529	   								0000.000
F:\5278_edit_cut_gain.sgy	PICKET	00058	0560	0029.402	0251.073	012.5536	2308405	   								0000.000
F:\5278_edit_cut_gain.sgy	PICKET	00059	0561	0029.909	0251.521	012.5761	1922680	   								0000.000
F:\5278_edit_cut_gain.sgy	PICKET	00060	0557	0030.416	0249.728	012.4864	305269	   								0000.000
F:\5278_edit_cut_gain.sgy	PICKET	00061	0554	0030.923	0248.383	012.4191	364936	   								0000.000
F:\5278_edit_cut_gain.sgy	PICKET	00062	0556	0031.430	0249.279	012.4640	508140	   								0000.000
F:\5278_edit_cut_gain.sgy	PICKET	00063	0552	0031.937	0247.486	012.3743	990921	   								0000.000
F:\5278_edit_cut_gain.sgy	PICKET	00064	0553	0032.443	0247.934	012.3967	1336405	   								0000.000
F:\5278_edit_cut_gain.sgy	PICKET	00065	0552	0032.950	0247.486	012.3743	970698	   								0000.000
F:\5278_edit_cut_gain.sgy	PICKET	00066	0555	0033.457	0248.831	012.4415	811997	   								0000.000
F:\5278_edit_cut_gain.sgy	PICKET	00067	0552	0033.964	0247.486	012.3743	546017	   								0000.000
F:\5278_edit_cut_gain.sgy	PICKET	00068	0554	0034.471	0248.383	012.4191	628501	   								0000.000
F:\5278_edit_cut_gain.sgy	PICKET	00069	0551	0034.978	0247.038	012.3519	1090648	   								0000.000
F:\5278_edit_cut_gain.sgy	PICKET	00070	0551	0035.485	0247.038	012.3519	1151240	   								0000.000
F:\5278_edit_cut_gain.sgy	PICKET	00071	0551	0035.992	0247.038	012.3519	1413803	   								0000.000
F:\5278_edit_cut_gain.sgy	PICKET	00072	0550	0036.499	0246.589	012.3295	988403	   								0000.000
F:\5278_edit_cut_gain.sgy	PICKET	00073	0550	0037.006	0246.589	012.3295	584973	   								0000.000
F:\5278_edit_cut_gain.sgy	PICKET	00074	0551	0037.513	0247.038	012.3519	646310	   								0000.000
F:\5278_edit_cut_gain.sgy	PICKET	00075	0551	0038.020	0247.038	012.3519	929070	   								0000.000
F:\5278_edit_cut_gain.sgy	PICKET	00076	0549	0038.527	0246.141	012.3070	684958	   								0000.000
F:\5278_edit_cut_gain.sgy	PICKET	00077	0548	0039.034	0245.693	012.2846	965766	   								0000.000
F:\5278_edit_cut_gain.sgy	PICKET	00078	0547	0039.540	0245.244	012.2622	1085100	   								0000.000
F:\5278_edit_cut_gain.sgy	PICKET	00079	0546	0040.047	0244.796	012.2398	782681	   								0000.000
F:\5278_edit_cut_gain.sgy	PICKET	00080	0544	0040.554	0243.899	012.1950	540469	   								0000.000
F:\5278_edit_cut_gain.sgy	PICKET	00081	0542	0041.061	0243.002	012.1501	1018267	   								0000.000
F:\5278_edit_cut_gain.sgy	PICKET	00082	0541	0041.568	0242.554	012.1277	1016957	   								0000.000
F:\5278_edit_cut_gain.sgy	PICKET	00083	0539	0042.075	0241.657	012.0829	895003	   								0000.000
F:\5278_edit_cut_gain.sgy	PICKET	00084	0539	0042.582	0241.657	012.0829	954670	   								0000.000
F:\5278_edit_cut_gain.sgy	PICKET	00085	0536	0043.089	0240.312	012.0156	1921755	   								0000.000
F:\5278_edit_cut_gain.sgy	PICKET	00086	0536	0043.596	0240.312	012.0156	3110469	   								0000.000
F:\5278_edit_cut_gain.sgy	PICKET	00087	0535	0044.103	0239.864	011.9932	2572209	   								0000.000
F:\5278_edit_cut_gain.sgy	PICKET	00088	0533	0044.610	0238.967	011.9484	2348447	   								0000.000
F:\5278_edit_cut_gain.sgy	PICKET	00089	0530	0045.117	0237.622	011.8811	1611939	   								0000.000
F:\5278_edit_cut_gain.sgy	PICKET	00090	0529	0045.624	0237.174	011.8587	1177926	   								0000.000
F:\5278_edit_cut_gain.sgy	PICKET	00091	0532	0046.131	0238.519	011.9260	729239	   								0000.000
F:\5278_edit_cut_gain.sgy	PICKET	00092	0531	0046.637	0238.071	011.9035	1279426	   								0000.000
F:\5278_edit_cut_gain.sgy	PICKET	00093	0527	0047.144	0236.277	011.8139	1076940	   								0000.000
F:\5278_edit_cut_gain.sgy	PICKET	00094	0525	0047.651	0235.381	011.7690	2675523	   								0000.000
F:\5278_edit_cut_gain.sgy	PICKET	00095	0523	0048.158	0234.484	011.7242	1986755	   								0000.000
F:\5278_edit_cut_gain.sgy	PICKET	00096	0524	0048.665	0234.932	011.7466	1150717	   								0000.000
F:\5278_edit_cut_gain.sgy	PICKET	00097	0525	0049.172	0235.381	011.7690	1601408	   								0000.000
F:\5278_edit_cut_gain.sgy	PICKET	00098	0522	0049.679	0234.036	011.7018	1108781	   								0000.000
F:\5278_edit_cut_gain.sgy	PICKET	00099	0521	0050.186	0233.587	011.6794	1321010	   								0000.000
F:\5278_edit_cut_gain.sgy	PICKET	00100	0521	0050.693	0233.587	011.6794	971331	   								0000.000
F:\5278_edit_cut_gain.sgy	PICKET	00101	0521	0051.200	0233.587	011.6794	1282157	   								0000.000
F:\5278_edit_cut_gain.sgy	PICKET	00102	0520	0051.707	0233.139	011.6569	1222259	   								0000.000
F:\5278_edit_cut_gain.sgy	PICKET	00103	0519	0052.214	0232.691	011.6345	891261	   								0000.000
F:\5278_edit_cut_gain.sgy	PICKET	00104	0519	0052.721	0232.691	011.6345	1259391	   								0000.000
F:\5278_edit_cut_gain.sgy	PICKET	00105	0517	0053.228	0231.794	011.5897	1004841	   								0000.000
F:\5278_edit_cut_gain.sgy	PICKET	00106	0518	0053.734	0232.242	011.6121	1547965	   								0000.000
F:\5278_edit_cut_gain.sgy	PICKET	00107	0518	0054.241	0232.242	011.6121	1741461	   								0000.000
F:\5278_edit_cut_gain.sgy	PICKET	00108	0517	0054.748	0231.794	011.5897	1256052	   								0000.000
F:\5278_edit_cut_gain.sgy	PICKET	00109	0517	0055.255	0231.794	011.5897	2029007	   								0000.000
F:\5278_edit_cut_gain.sgy	PICKET	00110	0516	0055.762	0231.346	011.5673	791226	   								0000.000
F:\5278_edit_cut_gain.sgy	PICKET	00111	0511	0056.269	0229.104	011.4552	862639	   								0000.000
F:\5278_edit_cut_gain.sgy	PICKET	00112	0508	0056.776	0227.759	011.3879	706430	   								0000.000
F:\5278_edit_cut_gain.sgy	PICKET	00113	0512	0057.283	0229.552	011.4776	729427	   								0000.000
F:\5278_edit_cut_gain.sgy	PICKET	00114	0513	0057.790	0230.001	011.5000	1287816	   								0000.000
F:\5278_edit_cut_gain.sgy	PICKET	00115	0513	0058.297	0230.001	011.5000	730403	   								0000.000
F:\5278_edit_cut_gain.sgy	PICKET	00116	0512	0058.804	0229.552	011.4776	403104	   								0000.000
F:\5278_edit_cut_gain.sgy	PICKET	00117	0507	0059.311	0227.310	011.3655	133469	   								0000.000
F:\5278_edit_cut_gain.sgy	PICKET	00118	0505	0059.818	0226.414	011.3207	817673	   								0000.000
F:\5278_edit_cut_gain.sgy	PICKET	00119	0504	0060.324	0225.965	011.2983	1310307	   								0000.000
F:\5278_edit_cut_gain.sgy	PICKET	00120	0504	0060.831	0225.965	011.2983	1158388	   								0000.000
F:\5278_edit_cut_gain.sgy	PICKET	00121	0504	0061.338	0225.965	011.2983	1443237	   								0000.000
F:\5278_edit_cut_gain.sgy	PICKET	00122	0502	0061.845	0225.069	011.2534	1496149	   								0000.000
F:\5278_edit_cut_gain.sgy	PICKET	00123	0502	0062.352	0225.069	011.2534	1325701	   								0000.000
F:\5278_edit_cut_gain.sgy	PICKET	00124	0502	0062.859	0225.069	011.2534	833298	   								0000.000
F:\5278_edit_cut_gain.sgy	PICKET	00125	0504	0063.366	0225.965	011.2983	1082428	   								0000.000
F:\5278_edit_cut_gain.sgy	PICKET	00126	0503	0063.873	0225.517	011.2759	1194749	   								0000.000
F:\5278_edit_cut_gain.sgy	PICKET	00127	0504	0064.380	0225.965	011.2983	1101418	   								0000.000
F:\5278_edit_cut_gain.sgy	PICKET	00128	0504	0064.887	0225.965	011.2983	1576167	   								0000.000
F:\5278_edit_cut_gain.sgy	PICKET	00129	0505	0065.394	0226.414	011.3207	418344	   								0000.000
F:\5278_edit_cut_gain.sgy	PICKET	00130	0508	0065.901	0227.759	011.3879	744615	   								0000.000
F:\5278_edit_cut_gain.sgy	PICKET	00131	0508	0066.408	0227.759	011.3879	1011913	   								0000.000
F:\5278_edit_cut_gain.sgy	PICKET	00132	0509	0066.915	0228.207	011.4104	650025	   								0000.000
F:\5278_edit_cut_gain.sgy	PICKET	00133	0509	0067.421	0228.207	011.4104	1510353	   								0000.000
F:\5278_edit_cut_gain.sgy	PICKET	00134	0508	0067.928	0227.759	011.3879	1584695	   								0000.000
F:\5278_edit_cut_gain.sgy	PICKET	00135	0511	0068.435	0229.104	011.4552	1207695	   								0000.000
F:\5278_edit_cut_gain.sgy	PICKET	00136	0510	0068.942	0228.655	011.4328	1435806	   								0000.000
F:\5278_edit_cut_gain.sgy	PICKET	00137	0510	0069.449	0228.655	011.4328	1167789	   								0000.000
F:\5278_edit_cut_gain.sgy	PICKET	00138	0509	0069.956	0228.207	011.4104	1147103	   								0000.000
F:\5278_edit_cut_gain.sgy	PICKET	00139	0506	0070.463	0226.862	011.3431	761653	   								0000.000
F:\5278_edit_cut_gain.sgy	PICKET	00140	0506	0070.970	0226.862	011.3431	1351935	   								0000.000
F:\5278_edit_cut_gain.sgy	PICKET	00141	0506	0071.477	0226.862	011.3431	799736	   								0000.000
F:\5278_edit_cut_gain.sgy	PICKET	00142	0501	0071.984	0224.620	011.2310	567387	   								0000.000
F:\5278_edit_cut_gain.sgy	PICKET	00143	0500	0072.491	0224.172	011.2086	887699	   								0000.000
F:\5278_edit_cut_gain.sgy	PICKET	00144	0500	0072.998	0224.172	011.2086	1548752	   								0000.000
F:\5278_edit_cut_gain.sgy	PICKET	00145	0499	0073.505	0223.724	011.1862	2131354	   								0000.000
F:\5278_edit_cut_gain.sgy	PICKET	00146	0498	0074.012	0223.275	011.1638	1017136	   								0000.000
F:\5278_edit_cut_gain.sgy	PICKET	00147	0499	0074.518	0223.724	011.1862	679015	   								0000.000
F:\5278_edit_cut_gain.sgy	PICKET	00148	0501	0075.025	0224.620	011.2310	302606	   								0000.000
F:\5278_edit_cut_gain.sgy	PICKET	00149	0502	0075.532	0225.069	011.2534	549219	   								0000.000
F:\5278_edit_cut_gain.sgy	PICKET	00150	0502	0076.039	0225.069	011.2534	984807	   								0000.000
F:\5278_edit_cut_gain.sgy	PICKET	00151	0502	0076.546	0225.069	011.2534	1590842	   								0000.000
F:\5278_edit_cut_gain.sgy	PICKET	00152	0501	0077.053	0224.620	011.2310	1796726	   								0000.000
F:\5278_edit_cut_gain.sgy	PICKET	00153	0503	0077.560	0225.517	011.2759	1592999	   								0000.000
F:\5278_edit_cut_gain.sgy	PICKET	00154	0503	0078.067	0225.517	011.2759	1308535	   								0000.000
F:\5278_edit_cut_gain.sgy	PICKET	00155	0498	0078.574	0223.275	011.1638	433224	   								0000.000
F:\5278_edit_cut_gain.sgy	PICKET	00156	0500	0079.081	0224.172	011.2086	774376	   								0000.000
F:\5278_edit_cut_gain.sgy	PICKET	00157	0499	0079.588	0223.724	011.1862	1339169	   								0000.000
F:\5278_edit_cut_gain.sgy	PICKET	00158	0499	0080.095	0223.724	011.1862	490400	   								0000.000
F:\5278_edit_cut_gain.sgy	PICKET	00159	0495	0080.602	0221.930	011.0965	468969	   								0000.000
F:\5278_edit_cut_gain.sgy	PICKET	00160	0493	0081.109	0221.034	011.0517	486393	   								0000.000
F:\5278_edit_cut_gain.sgy	PICKET	00161	0492	0081.615	0220.585	011.0293	1046177	   								0000.000
F:\5278_edit_cut_gain.sgy	PICKET	00162	0492	0082.122	0220.585	011.0293	1214313	   								0000.000
F:\5278_edit_cut_gain.sgy	PICKET	00163	0490	0082.629	0219.689	010.9844	633432	   								0000.000
F:\5278_edit_cut_gain.sgy	PICKET	00164	0488	0083.136	0218.792	010.9396	780318	   								0000.000
F:\5278_edit_cut_gain.sgy	PICKET	00165	0488	0083.643	0218.792	010.9396	836055	   								0000.000
F:\5278_edit_cut_gain.sgy	PICKET	00166	0490	0084.150	0219.689	010.9844	1956188	   								0000.000
F:\5278_edit_cut_gain.sgy	PICKET	00167	0488	0084.657	0218.792	010.9396	1597794	   								0000.000
F:\5278_edit_cut_gain.sgy	PICKET	00168	0487	0085.164	0218.344	010.9172	445279	   								0000.000
